28,0,0,4,127,16,0,0,43,0,111,3,0,0,24,0,0,0,13,162,16,68,128,5,128,0,162,28,0,69,64,68,0,154,13,25,8,63,153,20,0,154,13,25,8,63,153,21,0,0,13,0,8,0,0,24,0,1,13,0,8,0,0,25,0,205,21,204,8,62,204,1,0,226,21,224,8,57,177,2,0,1,21,0,8,0,0,3,0,0,21,224,8,64,0,8,0,1,1,239,8,255,0,1,0,0,1,0,8,0,0,2,0,1,1,0,8,0,0,5,0,0,1,0,8,0,0,6,0,1,3,239,8,255,0,1,0,0,3,0,8,0,0,2,0,1,3,0,8,0,0,5,0,0,3,0,8,0,0,6,0,1,2,239,8,255,0,1,0,0,2,0,8,0,0,2,0,1,2,0,8,0,0,5,0,0,2,0,8,0,0,6,0,1,6,0,8,0,0,2,0,1,6,239,8,255,0,1,0,1,9,0,8,0,0,2,0,1,9,239,8,255,0,1,0,1,8,0,8,0,0,2,0,1,8,239,8,255,0,1,0,1,7,0,8,0,0,2,0,1,7,239,8,255,0,1,0,2,40,0,8,0,0,1,0,2,41,0,8,0,0,1,0,1,42,0,8,0,0,1,0,0,254,0,24,8,1,1,1,0,0,0,0,32,1,1,8,0,0,0,0,32,32,8,0,255,254,255,24,127,255,2,255,255,255,255,255,127,255,127,255,255,255,255,255,127,255,127,0,0,254,0,192,1,1,3,1,0,0,0,0,1,1,1,1,0,0,0,0,1,1,1,0,0,0,0,0,0,1,1,0,0,0,0,0,1,1,1,1,0,0,0,0,1,1,1,1,0,0,0,0,1,1,1,1,0,0,0,0,0,0,0,0,0,0,0,0,0,0,0,0,0,0,0,0,1,1,0,1,0,0,0,0,1,1,1,1,0,0,0,0,1,1,1,32,0,0,0,0,32,32,32,32,0,0,0,0,32,32,32,32,0,0,0,0,32,0,32,32,0,0,0,0,32,0,0,32,0,0,0,0,32,32,32,32,0,0,0,0,32,32,32,32,0,0,0,0,0,32,32,0,0,0,0,0,0,0,0,0,0,0,0,0,0,0,0,32,0,0,0,0,32,32,32,32,0,0,0,0,32,32,32,32,0,0,0,0,0,0,32,0,18,254,32,192,60,172,4,172,205,32,204,18,61,204,60,204,88,204,139,205,58,160,61,160,18,139,32,88,60,172,58,172,88,32,139,18,58,160,60,160,18,139,32,88,60,172,58,204,205,204,204,205,61,204,61,204,88,204,139,205,58,160,61,0,0,0,0,0,0,0,0,0,0,0,0,0,0,0,0,0,0,0,0,0,0,0,0,232,10,28,28,10,65,232,65,172,18,32,32,18,60,172,60,0,1,0,0,1,0,0,0,0,0,0,0,0,0,0,0,0,0,0,0,0,0,0,0,0,0,0,0,0,0,0,0,0,0,0,0,0,0,0,0,0,0,0,0,0,0,0,0,0,0,0,0,0,0,0,0,0,0,0,0,0,0,0,0,0,0,0,0,0,0,0,0,0,0,0,0,0,0,0,0,0,0,0,0,0,0,0,0,0,30,14,0,8,0,0,6,0,1,23,0,8,0,0,8,0,1,24,0,8,0,0,8,0,1,40,0,8,0,0,1,0,1,41,0,8,0,0,1,0,0,3,128,40,63,0,3,0,0,0,0,0,0,0,0,0,0,0,128,0,63,0,0,0,0,0,0,0,0,0,0,0,0,0,128,0,63,0,0,0,1,3,0,8,0,0,7,0,217,0,0,1,0,155,0
#BSX4 Configuration 
#Created on: 17-Nov-2016 17:27:28 
#Created by: darcy 
#Created for: darcy 
#Library Version: 4.0.0.28 
#Tool Version: 1.0 
#Info: 1 
#solution: MULTI_DOF 
#accelerometer: BMI160 
#gyroscope: BMI160 
#magnetometer: BMM150 
#inputOutputSpec: MAG_25HZ_DEFAULT 
#magnetometerInterface: sameIIC 
#magnetometerCalibration: fast 
#device: UNKNOWN 
